[soe][Equalizer#0]
numBands=7
outputGain=-7.5

[soe][Equalizer#0#left]
band0Frequency=20
band0Gain=14.939999999999998
band0Q=1.4
band0Width=0
band10Type=0
band11Type=0
band12Type=0
band13Type=0
band14Type=0
band15Type=0
band16Type=0
band17Type=0
band18Type=0
band19Type=0
band1Frequency=105
band1Gain=11.54
band1Q=0.71
band1Type=5
band1Width=0
band20Type=0
band21Type=0
band22Type=0
band23Type=0
band24Type=0
band25Type=0
band26Type=0
band27Type=0
band28Type=0
band29Type=0
band2Frequency=350
band2Gain=-1
band2Q=0.71
band2Type=5
band2Width=0
band30Type=0
band31Type=0
band3Frequency=950
band3Gain=-1.7
band3Q=1.4
band3Width=0
band4Frequency=2200
band4Gain=2
band4Q=1.4
band4Width=0
band5Frequency=6000
band5Gain=1
band5Q=0.71
band5Type=3
band5Width=0
band6Frequency=13000
band6Gain=-3
band6Q=4
band6Width=0
band7Gain=9.1
band7Type=0
band8Gain=11.939999999999998
band8Type=0
band9Gain=16.310000000000002
band9Type=0

[soe][Equalizer#0#right]
band0Frequency=20
band0Gain=14.939999999999998
band0Q=1.4
band0Width=0
band10Type=0
band11Type=0
band12Type=0
band13Type=0
band14Type=0
band15Type=0
band16Type=0
band17Type=0
band18Type=0
band19Type=0
band1Frequency=105
band1Gain=11.54
band1Q=0.71
band1Type=5
band1Width=0
band20Type=0
band21Type=0
band22Type=0
band23Type=0
band24Type=0
band25Type=0
band26Type=0
band27Type=0
band28Type=0
band29Type=0
band2Frequency=350
band2Gain=-1
band2Q=0.71
band2Type=5
band2Width=0
band30Type=0
band31Type=0
band3Frequency=950
band3Gain=-1.7
band3Q=1.4
band3Width=0
band4Frequency=2200
band4Gain=2
band4Q=1.4
band4Width=0
band5Frequency=6000
band5Gain=1
band5Q=0.71
band5Type=3
band5Width=0
band6Frequency=13000
band6Gain=-3
band6Q=4
band6Width=0
band7Gain=9.1
band7Type=0
band8Gain=11.939999999999998
band8Type=0
band9Gain=16.310000000000002
band9Type=0
